10 1 1 1
25 11 72 39 71 56 29 61 53 89 
1 2 13
1 3 51
1 4 81
1 5 47
1 6 1
1 7 58
1 8 33
1 9 49
1 10 46
2 1 31
2 3 66
2 4 98
2 5 29
2 6 53
2 7 25
2 8 75
2 9 55
2 10 96
3 1 48
3 2 50
3 4 68
3 5 24
3 6 12
3 7 39
3 8 62
3 9 83
3 10 47
4 1 42
4 2 43
4 3 99
4 5 30
4 6 8
4 7 49
4 8 10
4 9 54
4 10 1
5 1 20
5 2 87
5 3 49
5 4 65
5 6 17
5 7 66
5 8 14
5 9 98
5 10 70
6 1 38
6 2 72
6 3 24
6 4 85
6 5 71
6 7 73
6 8 52
6 9 94
6 10 37
7 1 91
7 2 7
7 3 19
7 4 89
7 5 49
7 6 61
7 8 87
7 9 30
7 10 20
8 1 87
8 2 92
8 3 26
8 4 39
8 5 11
8 6 12
8 7 87
8 9 27
8 10 80
9 1 5
9 2 93
9 3 77
9 4 74
9 5 30
9 6 1
9 7 50
9 8 15
9 10 23
10 1 74
10 2 18
10 3 69
10 4 10
10 5 60
10 6 75
10 7 28
10 8 48
10 9 75
